7 29
1 9
0 26
13 31
11 29
7 2
6 0
2 22
13 24
14 28
0 10
12 4
6 7
9 15
0 16
13 22
13 19
13 6
9 21
0 23
7 2
12 8
4 9
9 13
15 31
1 23
12 15
5 12
2 4
15 13
4 27
13 16
14 13
14 9
0 16
11 2
0 3
11 14
8 17
6 0
1 16
1 25
9 27
2 17
13 28
5 25
5 23
14 0
13 7
6 26
10 14
3 31
6 17
10 31
13 8
12 6
4 3
9 21
8 29
12 14
9 25
11 22
13 1
3 16
15 31
15 7
2 16
7 13
7 20
5 9
14 5
3 13
10 9
2 9
9 8
4 14
4 15
14 22
9 5
12 10
11 2
3 28
12 13
8 17
5 24
4 15
8 21
9 22
5 3
0 12
8 17
7 17
5 15
10 27
6 4
15 31
1 26
12 26
1 10
1 31